7.918971268851495715e-01 8.051270198956106405e-01 3.171381580425841062e-01
8.337015775414468033e-01 8.035439137134052778e-01 3.071394018051703534e-01
6.999240974147623584e-01 8.070611348665203133e-01 3.172773623568792001e-01
7.180943102344324869e-01 8.067336954428137030e-01 3.057074736675500781e-01
8.215559620326829959e-01 8.081360633318566133e-01 3.208482151202869948e-01
7.969240760402538370e-01 8.119883660458039332e-01 3.425679363178896764e-01
7.525312104017810588e-01 8.103401779866702404e-01 3.358531143171977207e-01
7.851571674687789493e-01 8.091266325076087451e-01 3.371106071264118875e-01
8.237177126574024566e-01 8.067921329917361328e-01 3.035115376616448479e-01
7.662977307618222822e-01 8.105255047002619673e-01 3.356169664039398426e-01
